-24.6541163780930
-24.8277743101601
-24.9968843248648
-25.1613633553855
-25.3212400206454
-25.4765434921353
-25.6273034096445
-25.7735498665022
-25.9153133950561
-26.0526249523411
-26.1855159059384
-26.3140180200236
-26.4381634416030
-26.5579846869363
-26.6735146281459
-26.7847864800095
-26.8918337869382
-26.9946904101349
-27.0933905149356
-27.1879685583301
-27.2784592766618
-27.3648976735056
-27.4473190077218
-27.5257587816863
-27.6002527296945
-27.6708368065385
-27.7375471762563
-27.8004202010515
-27.8594924303827
-27.9148005902209
-27.9663815724740
-28.0142724245776
-28.0585103392497
-28.0991326444091
-28.1361767932559
-28.1696803545127
-28.1996810028258
-28.2262165093241
-28.2493247323358
-28.2690436082606
-28.2854111425961
-28.2984654011186
-28.3082445012145
-28.3147866033639
-28.3181299027727
-28.3183126211530
-28.3153729986514
-28.3093492859215
-28.3002797363423
-28.2882025983784
-28.2731561080829
-28.2551784817406
-28.2343079086505
-28.2105825440460
-28.1840405021525
-28.1547198493797
-28.1226585976484
-28.0878946978503
-28.0504660334392
-28.0104104141525
-27.9677655698619
-27.9225691445520
-27.8748586904249
-27.8246716621305
-27.7720454111206
-27.7170171801259
-27.6596240977538
-27.5999031732074
-27.5378912911224
-27.4736252065224
-27.4071415398902
-27.3384767723542
-27.2676672409892
-27.1947491342293
-27.1197584873926
-27.0427311783157
-26.9637029230980
-26.8827092719523
-26.7997856051636
-26.7149671291516
-26.6282888726384
-26.5397856829185
-26.4494922222305
-26.3574429642295
-26.2636721905584
-26.1682139875174
-26.0711022428304
-25.9723706425070
-25.8720526677991
-25.7701815922506
-25.6667904788394
-25.5619121772105
-25.4555793209989
-25.3478243252406
-25.2386793838722
-25.1281764673160
-25.0163473201507
-24.9032234588663
-24.7888361697017
-24.6732165065646
-24.5563952890318
-24.4384031004295
-24.3192702859918
-24.1990269510973
-24.0777029595809
-23.9553279321227
-23.8319312447093
-23.7075420271697
-23.5821891617824
-23.4559012819540
-23.3287067709680
-23.2006337608018
-23.0717101310126
-22.9419635076896
-22.8114212624723
-22.6801105116338
-22.5480581152275
-22.4152906762976
-22.2818345401507
-22.1477157936883
-22.0129602648002
-21.8775935218154
-21.7416408730125
-21.6051273661859
-21.4680777882692
-21.3305166650126
-21.1924682607159
-21.0539565780136
-20.9150053577129
-20.7756380786834
-20.6358779577971
-20.4957479499178
-20.3552707479402
-20.2144687828758
-20.0733642239868
-19.9319789789654
-19.7903346941593
-19.6484527548406
-19.5063542855192
-19.3640601502987
-19.2215909532743
-19.0789670389714
-18.9362084928253
-18.7933351417001
-18.6503665544459
-18.5073220424945
-18.3642206604923
-18.2210812069691
-18.0779222250426
-17.9347620031583
-17.7916185758630
-17.6485097246113
-17.5054529786061
-17.3624656156691
-17.2195646631442
-17.0767668988301
-16.9340888519434
-16.7915468041101
-16.6491567903865
-16.5069346003063
-16.3648957789560
-16.2230556280760
-16.0814292071871
-15.9400313347428
-15.7988765893052
-15.6579793107449
-15.5173536014641
-15.3770133276416
-15.2369721205008
-15.0972433775974
-14.9578402641286
-14.8187757142626
-14.6800624324865
-14.5417128949740
-14.4037393509710
-14.2661538241984
-14.1289681142731
-13.9921937981445
-13.8558422315479
-13.7199245504726
-13.5844516726455
-13.4494342990288
-13.3148829153321
-13.1808077935371
-13.0472189934358
-12.9141263641807
-12.7815395458473
-12.6494679710077
-12.5179208663149
-12.3869072540982
-12.2564359539677
-12.1265155844292
-11.9971545645075
-11.8683611153787
-11.7401432620103
-11.6125088348095
-11.4854654712780
-11.3590206176752
-11.2331815306858
-11.1079552790953
-10.9833487454699
-10.8593686278424
-10.7360214414028
-10.6133135201928
-10.4912510188052
-10.3698399140866
-10.2490860068436
-10.1289949235517
-10.0095721180671
-9.89082287334085
-9.77275230313477
-9.65536535373887
-9.53866680569031
-9.42266127549307
-9.30735321733837
-9.19274692482532
-9.07884653268159
-8.96565601848374
-8.85317920437693
-8.74141975879374
-8.63038119817180
-8.52006688866985
-8.41048004788216
-8.30162374655079
-8.19350091027564
-8.08611432122184
-7.97946661982441
-7.87356030648973
-7.76839774329377
-7.66398115567669
-7.56031263413365
-7.45739413590155
-7.35522748664150
-7.25381438211687
-7.15315638986642
-7.05325495087276
-6.95411138122541
-6.85572687377869
-6.75810249980400
-6.66123921063626
-6.56513783931461
-6.46979910221674
-6.37522360068712
-6.28141182265859
-6.18836414426736
-6.09608083146113
-6.00456204160024
-5.91380782505162
-5.82381812677542
-5.73459278790419
-5.64613154731438
-5.55843404319012
-5.47149981457899
-5.38532830293982
-5.29991885368227
-5.21527071769806
-5.13138305288376
-5.04825492565498
-4.96588531245196
-4.88427310123619
-4.80341709297822
-4.72331600313641
-4.64396846312651
-4.56537302178202
-4.48752814680516
-4.41043222620849
-4.33408356974692
-4.25848041034009
-4.18362090548510
-4.10950313865941
-4.03612512071390
-3.96348479125590
-3.89158002002232
-3.82040860824256
-3.74996828999140
-3.68025673353150
-3.61127154264576
-3.54301025795927
-3.47547035825081
-3.40864926175401
-3.34254432744788
-3.27715285633690
-3.21247209272039
-3.14849922545134
-3.08523138918450
-3.02266566561380
-2.96079908469890
-2.89962862588110
-2.83915121928836
-2.77936374692940
-2.72026304387711
-2.66184589944086
-2.60410905832803
-2.54704922179459
-2.49066304878465
-2.43494715705912
-2.37989812431337
-2.32551248928392
-2.27178675284407
-2.21871737908860
-2.16630079640744
-2.11453339854832
-2.06341154566841
-2.01293156537499
-1.96308975375509
-1.91388237639410
-1.86530566938348
-1.81735584031738
-1.77002906927842
-1.72332150981238
-1.67722928989202
-1.63174851286998
-1.58687525842078
-1.54260558347183
-1.49893552312370
-1.45586109155951
-1.41337828294341
-1.37148307230838
-1.33017141643318
-1.28943925470862
-1.24928250999302
-1.20969708945711
-1.17067888541817
-1.13222377616362
-1.09432762676401
-1.05698628987542
-1.02019560653143
-0.983951406924546
-0.948249511177224
-0.913085730102508
-0.878455865954297
-0.844355713167318
-0.810781059086824
-0.777727684688084
-0.745191365285687
-0.713167871232725
-0.681652968609894
-0.650642419904564
-0.620131984679864
-0.590117420233842
-0.560594482248735
-0.531558925430419
-0.503006504138078
-0.474932973004152
-0.447334087544619
-0.420205604759658
-0.393543283724764
-0.367342886172356
-0.341600177063940
-0.316310925152895
-0.291470903537922
-0.267075890207233
-0.243121668573521
-0.219604027999798
-0.196518764316125
-0.173861680327335
-0.151628586311778
-0.129815300511170
-0.108417649611602
-0.0874314692157698
-0.0668526043064955
-0.0466769097015966
-0.0269002505001725
-0.00751850252037245
0.0114724472712922
0.0300767003390234
0.0482983461651346
0.0661414618457053
0.0836101116944269
0.100708346854570
0.117440204919008
0.133809709558236
0.149820870156298
0.165477681454581
0.180784123203390
0.195744159821240
0.210361740061795
0.224640796688399
0.238585246156107
0.252198988301165
0.265485906037866
0.278449865062714
0.291094713565820
0.303424281949468
0.315442382553786
0.327152809389436
0.338559337877272
0.349665724594890
0.360475707029997
0.370993003340534
0.381221312121481
0.391164312178280
0.400825662306803
0.410209001079790
0.419317946639704
0.428156096497917
0.436727027340166
0.445034294838211
0.453081433467627
0.460871956331652
0.468409354991040
0.475697099299824
0.482738637246959
0.489537394803733
0.496096775776914
0.502420161667547
0.508510911535335
0.514372361868543
0.520007826459352
0.525420596284597
0.530613939391825
0.535591100790603
0.540355302349013
0.544909742695262
0.549257597124348
0.553402017509714
0.557346132219823
0.561093046039586
0.564645840096588
0.568007571792036
0.571181274736375
0.574169958689497
0.576976609505489
0.579604189081851
0.582055635313122
0.584333862048853
0.586441759055861
0.588382191984704
0.590158002340316
0.591772007456738
0.593227000475883
0.594525750330282
0.595671001729735
0.596665475151826
0.597511866836221
0.598212848782715
0.598771068752939
0.599189150275695
0.599469692655844
0.599615270986694
0.599628436165833
0.599511714914346
0.599267609799358
0.598898599259850
0.598407137635693
0.597795655199835
0.597066558193601
0.596222228865033
0.595265025510232
0.594197282517634
0.593021310415179
0.591739395920307
0.590353801992741
0.588866767889986
0.587280509225521
0.585597218029595
0.583819062812611
0.581948188631022
0.579986717155701
0.577936746742735
0.575800352506582
0.573579586395557
0.571276477269590
0.568893030980203
0.566431230452672
0.563893035770310
0.561280384260839
0.558595190584792
0.555839346825906
0.553014722583460
0.550123165066505
0.547166499189954
0.544146527672476
0.541065031136153
0.537923768207861
0.534724475622326
0.531468868326814
0.528158639587412
0.524795461096866
0.521380983083916
0.517916834424104
0.514404622752015
0.510845934574892
0.507242335387606
0.503595369788932
0.499906561599088
0.496177413978513
0.492409409547829
0.488604010508959
0.484762658767363
0.480886776055349
0.476977764056437
0.473037004530721
0.469065859441207
0.465065671081088
0.461037762201917
0.456983436142655
0.452903976959548
0.448800649556800
0.444674699818025